1.96762 
1.96762 
1.96762 
1.96762 
1.98931 
1.98931 
1.99000 
1.99000 
1.99000 
1.99000 
1.99000 
1.99660 
1.99660 
1.99660 
1.99660 
1.99660 
1.99660 
1.99660 
1.99660 
1.99660 
1.99660 
1.99660 
1.99663 
1.99663 
1.99663 
1.99663 
1.99746 
1.99746 
1.99786 
1.99786 
1.99786 
1.99786 
1.99795 
1.99795 
1.99795 
1.99795 
1.99795 
1.99795 
1.99795 
1.99795 
1.99795 
1.99795 
1.99796 
1.99796 
1.99796 
1.99796 
1.99796 
1.99796 
1.99796 
1.99796 
1.99798 
1.99798 
1.99798 
1.99798 
1.99798 
1.99798 
1.99798 
1.99798 
1.99798 
1.99798 
1.99798 
1.99798 
1.99798 
1.99798 
1.99798 
1.99798 
1.99798 
1.99798 
1.99798 
1.99798 
1.99798 
1.99798 
1.99798 
1.99798 
1.99798 
1.99990 
1.99990 
1.99990 
1.99990 
1.99990 
1.99990 
1.99990 
1.99990 
1.99990 
1.99990 
1.99990 
1.99990 
1.99990 
1.99992 
1.99992 
1.99992 
1.99993 
1.99993 
1.99993 
1.99993 
1.99993 
1.99993 
1.99993 
1.99993 
1.99993 
1.99993 
1.99993 
1.99993 
1.99993 
1.99993 
1.99993 
1.99993 
2.00000 
2.00000 
2.00000 
2.00000 
2.00000 
2.00000 
2.00000 
2.00000 
2.00000 
2.00000 
2.00000 
2.00000 
2.00000 
2.00000 
2.00000 
2.00000 
2.00000 
2.00000 
2.00000 
2.00000 
2.00000 
2.00000 
2.00000 
2.00000 
2.00000 
2.00000 
2.00000 
2.00000 
2.00000 
2.00000 
2.00000 
2.00000 
2.00000 
2.00000 
2.00000 
2.00000 
2.00000 
2.00000 
2.00000 
2.00000 
2.00000 
2.00000 
2.00000 
2.00000 
2.00000 
2.00000 
2.00000 
2.00000 
2.00000 
2.00000 
2.00000 
2.00000 
2.00000 
2.00000 
2.00000 
2.00000 
2.00000 
2.00000 
2.00000 
2.00000 
2.00000 
2.00000 
2.00000 
2.00000 
2.00000 
2.00000 
2.00000 
2.00000 
2.00000 
2.00000 
2.00000 
2.00000 
2.00000 
2.00000 
2.00000 
2.00000 
2.00000 
2.00000 
2.00000 
2.00000 
2.00000 
2.00000 
2.00000 
2.00000 
2.00000 
2.00000 
2.00000 
2.00000 
2.00000 
2.00000 
2.00000 
2.00000 
2.00000 
